data = [
0.042439957	3.604338266
0.043439957	3.548957252
0.044439957	3.483816933
0.045439957	3.445793879
0.046439957	3.424851799
0.047439957	3.354661271
0.048439957	3.277326019
0.049439957	3.224149771
0.050439957	3.208518421
0.051439957	3.163028864
0.052439957	3.092474963
0.053439957	3.034892192
0.054439957	3.004832436
0.055439957	2.984961554
0.056439957	2.952310078
0.057439957	2.929154535
0.058439957	2.930394252
0.059439957	2.921909973
0.060439957	2.910192555
0.061439957	2.892973432
0.062439957	2.881521304
0.063439957	2.892031521
0.064439957	2.918807341
0.065439957	2.942086551
0.066439957	2.964290843
0.067439957	2.984929849
0.068439957	2.99908221
0.069439957	2.984433864
0.070439957	2.996460028
0.071439957	3.010775004
0.072439957	3.020471915
0.073439957	3.043478213
0.074439957	3.042961251
0.075439957	3.05652555
0.076439957	3.059513266
0.077439957	3.079316688
0.078439957	3.063721985
0.079439957	3.027993307
0.080439957	3.016562688
0.081439957	3.007303792
0.082439957	2.993959266
0.083439957	2.993734944
0.084439957	2.973388172
0.085439957	2.965037281
0.086439957	2.954861972
0.087439957	2.940769929
0.088439957	2.925064964
0.089439957	2.916799731
0.090439957	2.922933649
0.091439957	2.894800089
0.092439957	2.873388652
0.093439957	2.844745589
0.094439957	2.812279054
0.095439957	2.780464713
0.096439957	2.764390533
0.097439957	2.72885771
0.098439957	2.708470165
0.099439957	2.680969072
0.100439957	2.655671208
0.101439957	2.626944974
0.102439957	2.598955079
0.103439957	2.597325114
0.104439957	2.628254031
0.105439957	2.607528896
0.106439957	2.581675908
0.107439957	2.560097663
0.108439957	2.523956514
0.109439957	2.492136894
0.110439957	2.455958396
0.111439957	2.429133051
0.112439957	2.398829109
0.113439957	2.379622535
0.114439957	2.347515781
0.115439957	2.315779363
0.116439957	2.291859679
0.117439957	2.274300633
0.118439957	2.232479424
0.119439957	2.223359153
0.120439957	2.228708495
0.121439957	2.220455151
0.122439957	2.189461531
0.123439957	2.168603137
0.124439957	2.146510653
0.125439957	2.122928828
0.126439957	2.106402745
0.127439957	2.082342561
0.128439957	2.057339656
0.129439957	2.052107219
0.130439957	2.025056206
0.131439957	2.007332789
0.132439957	1.988313477
0.133439957	1.9643509
0.134439957	1.947553277
0.135439957	1.920030666
0.136439957	1.9028418
0.137439957	1.874038409
0.138439957	1.870794391
0.139439957	1.856078846
0.140439957	1.839273871
0.141439957	1.826483626
0.142439957	1.80991898
0.143439957	1.799923975
0.144439957	1.781718537
0.145439957	1.759629131
0.146439957	1.753385724
0.147439957	1.723297808
0.148439957	1.714953519
0.149439957	1.703801589
0.150439957	1.689985995
0.151439957	1.680633099
0.152439957	1.663693046
0.153439957	1.646907973
0.154439957	1.622859377
0.155439957	1.598546431
0.156439957	1.568696823
0.157439957	1.555047372
0.158439957	1.532130415
0.159439957	1.527102074
0.160439957	1.51342811
0.161439957	1.49592286
0.162439957	1.487101867
0.163439957	1.477433874
0.164439957	1.465823393
0.165439957	1.461186696
0.166439957	1.4526607
0.167439957	1.446104461
0.168439957	1.428231251
0.169439957	1.422226315
0.170439957	1.409278723
0.171439957	1.387837885
0.172439957	1.379952855
0.173439957	1.353872456
0.174439957	1.323056552
0.175439957	1.307460806
0.176439957	1.298808998
0.177439957	1.284545347
0.178439957	1.265825012
0.179439957	1.258694689
0.180439957	1.249742753
0.181439957	1.240458774
0.182439957	1.23082828
0.183439957	1.218175587
0.184439957	1.210364617
0.185439957	1.210437432
0.186439957	1.203110578
0.187439957	1.193094306
0.188439957	1.190736996
0.189439957	1.186923634
0.190439957	1.172155505
0.191439957	1.155761422
0.192439957	1.135942565
0.193439957	1.122952076
0.194439957	1.108957434
0.195439957	1.092798092
0.196439957	1.078599368
0.197439957	1.065024151
0.198439957	1.052636192
0.199439957	1.043513275
0.200439957	1.032518299
0.201439957	1.025407006
0.202439957	1.021900279
0.203439957	1.011443954
0.204439957	1.008020874
0.205439957	1.005078578
0.206439957	0.995627867
0.207439957	0.993057622
0.208439957	0.989713389
0.209439957	0.981314685
0.210439957	0.977337246
0.211439957	0.968973546
0.212439957	0.954350042
0.213439957	0.939873681
0.214439957	0.9341077
0.215439957	0.928489355
0.216439957	0.920701781
0.217439957	0.91333627
0.218439957	0.90168341
0.219439957	0.890446886
0.220439957	0.876815982
0.221439957	0.862424977
0.222439957	0.855416833
0.223439957	0.844678479
0.224439957	0.836926311
0.225439957	0.831484524
0.226439957	0.824061677
0.227439957	0.828036552
0.228439957	0.823531611
0.229439957	0.814900834
0.230439957	0.809871458
0.231439957	0.806246973
0.232439957	0.802851574
0.233439957	0.79954049
0.234439957	0.796261917
0.235439957	0.790371446
0.236439957	0.789716483
0.237439957	0.78698746
0.238439957	0.781262078
0.239439957	0.774536275
0.240439957	0.767329807
0.241439957	0.760712838
0.242439957	0.757911392
0.243439957	0.753359463
0.244439957	0.744774042
0.245439957	0.732814347
0.246439957	0.72465132
0.247439957	0.719282325
0.248439957	0.716191422
0.249439957	0.712108888
0.250439957	0.70283799
0.251439957	0.698521889
0.252439957	0.693737878
0.254439957	0.689309653
0.255439957	0.689119882
0.256439957	0.685972299
0.257439957	0.677607396
0.258439957	0.673396267
0.259439957	0.670896211
0.260439957	0.67004017
0.261439957	0.666845754
0.262439957	0.66244541
0.263439957	0.660639103
0.264439957	0.65807356
0.265439957	0.657745121
0.266439957	0.655900431
0.267439957	0.649577814
0.268439957	0.646457823
0.269439957	0.644392829
0.270439957	0.64244223
0.272439957	0.637646568
0.273439957	0.635672191
0.275439957	0.62794637
0.276439957	0.621844087
0.277439957	0.620259507
0.278439957	0.617917254
0.279439957	0.613374498
0.280439957	0.611962161
0.281439957	0.612052993
0.282439957	0.607046207
0.283439957	0.601178634
0.284439957	0.598350762
0.285439957	0.593879441
0.286439957	0.590423087
0.287439957	0.591186373
0.289439957	0.588811621
0.290439957	0.58350757
0.292439957	0.58166004
0.293439957	0.578453914
0.294439957	0.576476901
0.295439957	0.57501874
0.296439957	0.572087154
0.297439957	0.571411029
0.298439957	0.572988432
0.299439957	0.575538703
0.300439957	0.57107552
0.302439957	0.566025729
0.303439957	0.56410717
0.304439957	0.561279091
0.305439957	0.557389441
0.306439957	0.55353077
0.308439957	0.549051667
0.309439957	0.547026951
0.311439957	0.542370333
0.312439957	0.538627803
0.313439957	0.540379725
0.314439957	0.536923851
0.315439957	0.533979761
0.316439957	0.536752773
0.318439957	0.534186352
0.319439957	0.528940608
0.320439957	0.526796129
0.322439957	0.524195827
0.323439957	0.522561986
0.324439957	0.521691133
0.325439957	0.519835053
0.326439957	0.516954532
0.328439957	0.514818035
0.329439957	0.51473447
0.330439957	0.510971079
0.331439957	0.508584308
0.333439957	0.508922963
0.334439957	0.507309327
0.335439957	0.505953109
0.337439957	0.502732021
0.338439957	0.500423725
0.339439957	0.496949911
0.340439957	0.491742291
0.342439957	0.489200679
0.344439957	0.484978724
0.346439957	0.479815528
0.348439957	0.476058453
0.350439957	0.47203205
0.351439957	0.471414115
0.352439957	0.468530759
0.354439957	0.466025248
0.355439957	0.466410626
0.356439957	0.463952943
0.358439957	0.458533673
0.359439957	0.457571717
0.360439957	0.457194878
0.362439957	0.454006367
0.363439957	0.448042067
0.364439957	0.447230939
0.366439957	0.448355866
0.367439957	0.447021566
0.369439957	0.44508402
0.371439957	0.443480064
0.373439957	0.441805077
0.374439957	0.437863068
0.376439957	0.43500835
0.377439957	0.43565639
0.378439957	0.434016146
0.381439957	0.429196844
0.382439957	0.428019733
0.384439957	0.42614821
0.385439957	0.420873169
0.387439957	0.418267409
0.388439957	0.415616653
0.390439957	0.41295639
0.391439957	0.411074909
0.393439957	0.407261213
0.394439957	0.403938062
0.396439957	0.401003411
0.397439957	0.397487254
0.399439957	0.39583558
0.400439957	0.395859643
0.402439957	0.394121337
0.403439957	0.392571561
0.405439957	0.388390467
0.406439957	0.38562764
0.407439957	0.383943425
0.409439957	0.381087272
0.411439957	0.379783333
0.412439957	0.379559594
0.414439957	0.378014445
